.Random.seed <-
c(403L, 1L, 1657750070L, 1184504433L, 1052319907L, -1433474574L, 
-72693436L, -1223826937L, -203886627L, -104859436L, -792967174L, 
770654021L, -261870689L, 1731272998L, -2147085904L, -907982253L, 
-859228815L, 145036448L, 191149118L, -663504055L, 155970043L, 
137579978L, 1151976236L, -1221432529L, -1638125083L, -828588900L, 
676354290L, 499208557L, -1604968793L, -452636466L, -2118631896L, 
-953334229L, 1486326857L, -1050997416L, 1669575686L, -916490783L, 
1364909939L, 1009466338L, 1800065876L, -1622475177L, 206890573L, 
-516171292L, -645139510L, 1283749429L, 402250895L, -922503786L, 
-639710912L, -433437693L, -318261727L, 176333072L, -228323602L, 
710341273L, 1465764651L, 924898842L, 1671462108L, -640929569L, 
1911873205L, 831821900L, 809362594L, 1957999613L, -338693897L, 
-1352002018L, 2094180568L, -796533701L, -444766759L, -52444312L, 
429174422L, -2035628015L, 1961519555L, -985721390L, -1712497564L, 
1144138663L, 965756157L, 538190068L, 1947621338L, -828732635L, 
1198840383L, -1009212986L, 2000754256L, 336570995L, 254545553L, 
2070976192L, -673890146L, -2022740887L, -1711703909L, 368982442L, 
472752588L, 153783439L, -593214267L, -1971813252L, -230688558L, 
158750797L, 1936314631L, 1197843694L, -1178497592L, -1933511989L, 
-747750615L, 970218360L, 1366401190L, 1406638785L, -765506733L, 
-1766426622L, 1218516276L, -1573855561L, -1907948883L, 68015044L, 
-997377046L, -2000419755L, -1059792401L, 198672886L, -707029216L, 
-1174992669L, 957422977L, -1711342608L, -354278770L, 750327289L, 
103745419L, 1882166202L, 72182460L, 927392255L, -1865126059L, 
1798826092L, 1883069634L, 1286584093L, 1962012055L, 2012335358L, 
550164152L, -1672599397L, 2010531577L, -1344747448L, 987020150L, 
3858097L, 822759139L, 649665970L, -470858236L, 1053932871L, -1279559651L, 
-800350572L, 1952372282L, -1217644411L, 1754246495L, 485295590L, 
-800752528L, 1035263891L, 1641445425L, -2125105440L, -970539138L, 
1869608457L, -1000890821L, 2146533386L, -663379988L, -1507470225L, 
1438985125L, 1372457820L, -1105373390L, 650487341L, 1160670439L, 
1585561102L, 1561527272L, 346922475L, -1831975287L, 1084061208L, 
-1172325050L, 1222826913L, -12216781L, -157332574L, -1245184364L, 
-886432489L, 90868493L, -730736092L, -1605058038L, -1865819275L, 
-682443057L, -267922986L, 569818496L, -1769228861L, -720120991L, 
1356687824L, -42524370L, -1353725735L, 372753131L, -2127999142L, 
-1638352612L, 979603487L, 630045813L, 1622305036L, 1549034722L, 
777711037L, -1567286729L, -1689638690L, 1526924312L, 1915951995L, 
-298448103L, -1009829976L, 764188502L, 229330897L, 700435331L, 
1003204114L, 726698404L, -488428185L, -57716035L, -1470934476L, 
-1996895846L, 673723877L, -1875127937L, 550205702L, -1492868464L, 
-864132301L, 1567881425L, 1539963520L, -2115810466L, 553949353L, 
-291570853L, -566433430L, -511091700L, 316521551L, -1124733691L, 
737152444L, 1536567442L, -1087698035L, 1234840519L, 948564142L, 
-721616632L, -577593589L, 1250666985L, 152006328L, -2146829978L, 
-1847543295L, 792507539L, 1049798892L, -110196676L, 1451409266L, 
1831587440L, -1029325788L, 1102286648L, -280200038L, 554484432L, 
-1532325700L, -2103869804L, -157847934L, -833339200L, -1395660996L, 
1159884944L, -657146334L, -157062136L, 1142467852L, 1302510748L, 
1189507602L, -337489024L, 1483351572L, 1317060136L, -1944830662L, 
1319939536L, 1550923884L, -712407756L, -1704473966L, 166690656L, 
-1984180404L, 300652512L, 483511202L, 495598504L, 1655957900L, 
374549692L, 1779941746L, -529819408L, 483137604L, 470951256L, 
535071290L, 1577881456L, -542946244L, -1780747500L, 1047229890L, 
912031456L, -115217540L, 2087027408L, -633135966L, -1163780056L, 
-2084292340L, -346326084L, 759590194L, -75226688L, 37083700L, 
1711075272L, 1783884986L, -1126108784L, 1748996588L, -1568217516L, 
-24595310L, 445465376L, 746299852L, 1013655008L, -1050716478L, 
2059483176L, 1271236268L, 769675452L, 932240882L, 1689152816L, 
-1285512028L, -1624544584L, 989174106L, -1150916208L, 15882108L, 
953207060L, 1989541698L, 1602178816L, 1678652348L, -331529392L, 
1667526434L, -421038776L, -906105332L, 946137180L, -690835246L, 
-1418551808L, 759226708L, -243380760L, -970871814L, 1792408784L, 
-279111380L, -2607372L, 1933057426L, -350982048L, -1721797364L, 
2138794720L, -1594978974L, -1656610136L, 538831436L, -1800342148L, 
-15783630L, 1325431920L, 1949428548L, 1615790552L, -1320688518L, 
-78797264L, -604396868L, 615682900L, -448896958L, -791787104L, 
-1770154308L, 2069859792L, 249933154L, 1814456296L, -886874164L, 
-1388444932L, 1480918514L, -1772471168L, 1442568436L, -2031338872L, 
-1511773382L, -38783152L, 508820076L, -1503180652L, 1890353490L, 
-991795488L, 303765196L, 477599904L, 1576769410L, 488539880L, 
1828290284L, -1032298436L, 441476722L, -1939639184L, -1374381532L, 
-14292936L, -1938362342L, 1187407568L, 1331190844L, 1293966484L, 
959760514L, -654540864L, -1213544132L, -1194760560L, 616816674L, 
457930760L, -1724900212L, -654191588L, -113915246L, -599109504L, 
-1515690988L, 866859304L, 574036538L, -2083294000L, -1253272468L, 
-988926284L, 1968719890L, -185071648L, 624845772L, -1476461088L, 
-1220820446L, -1147720408L, -1268898548L, -2040078788L, -916352782L, 
1516621552L, -2130874556L, 2034040408L, 545081914L, 662040304L, 
-225374020L, 789811732L, -1878158142L, 1332425824L, 1307508092L, 
1144508624L, -245054430L, -1625629016L, -207420532L, 2114227644L, 
295140402L, 476260160L, -1189632844L, -1074829496L, 815401658L, 
-1230094576L, 1449942252L, -1229339564L, -80548078L, 1247131552L, 
211735500L, -300666016L, -2070559550L, 475076136L, 283071916L, 
-883938500L, 1703294834L, -1677994192L, 367629860L, 1002185784L, 
-928726822L, 2128713104L, -819479812L, -45870188L, -824584382L, 
-1035018752L, -720435652L, 1512917584L, 295098018L, -1483455672L, 
-28921332L, -420480804L, -265307566L, 1383321728L, -1795208364L, 
-305322520L, -1743175942L, -560985264L, 1289235500L, 39242100L, 
1399125650L, -1926705568L, -1158535540L, 1244821344L, 680467170L, 
-35508056L, -585515828L, 399729148L, 1561640882L, -1705472418L, 
-712176372L, -1968236323L, 897529319L, 331755024L, 1355801390L, 
141649883L, 1464023229L, 1972515370L, -752050488L, 620399601L, 
-713056925L, 801346916L, 320493714L, 1289629031L, -1665353935L, 
-1446155146L, 136074644L, -1420770907L, -1906320721L, -527455384L, 
977246022L, 243289843L, 1529507925L, -1229083598L, -605763072L, 
716008169L, 1376473435L, 184449964L, 751351738L, -607780497L, 
804260601L, -368000114L, 1853288028L, -685957939L, -1028365257L, 
-868340032L, 551131550L, -2106719637L, 800688621L, 1128446042L, 
-1931933928L, -961688447L, 1682659891L, 773023828L, 1901276258L, 
1225868023L, -1378177727L, 1659640774L, -1060181756L, -1514207051L, 
-1068370017L, -951904264L, 525027798L, -1916350365L, -1934949339L, 
-818555966L, -484267856L, 1358480601L, 1417871947L, -1990934340L, 
1062434538L, 1527506719L, 662525865L, -1010638530L, 1661700140L, 
-1410083203L, 800520391L, 1378661808L, -204271666L, -428141317L, 
-1065663651L, -1515304822L, 1930303144L, -586352111L, 1158433539L, 
-195568124L, -646918606L, -1765347705L, -1130356015L, 316257366L, 
1208155188L, 1257611077L, -1695341169L, -2102385400L, -1508034778L, 
496687059L, 1922029877L, 1280594066L, -109572000L, -50805303L, 
-10838789L, 1904579276L, 360757082L, 709542479L, -1757878503L, 
-1625419474L, -1055837380L, 1775933613L, 558545751L, -937677152L, 
2069981182L, 758312651L, -103169843L, 1140802554L, 8859704L, 
664439265L, -742051181L, 1339234484L, 242698690L, -263786025L, 
1077829153L, 372610534L, -1096651548L, -1832987627L, -514390977L, 
-1228649512L, -2013094410L, 133635587L, -49456827L, -486113950L, 
-198467888L, -1928775175L, -191870677L, -1933888868L, 1517181130L, 
-180530753L, 1214231817L, -45599202L, -456397876L, -460658275L, 
-1012800473L, 660941392L, -373532946L, 1943728027L, 954260989L, 
-505233174L, 483615624L, -1725592271L, -1739524701L, 2033623460L, 
-1313000366L, -254324825L, 389827569L, 1026158390L, -744141868L, 
1636065637L, -24240785L, 1639341992L, 1210979590L, -1573970893L, 
