.Random.seed <-
c(403L, 1L, -1720941344L, -776948354L, 1940793353L, 217385019L, 
691557898L, -315193876L, -928118161L, 373589413L, -1475496612L, 
2088036658L, 584202285L, 116020967L, -219350002L, 1385227752L, 
1652494315L, 1740189833L, 862102552L, -828296378L, -580439647L, 
585277491L, 1604824482L, 69294228L, 1040666391L, -1347983091L, 
-551485404L, 1839562762L, -506845835L, 1861330127L, -377272362L, 
1611564928L, 784686019L, 1349569889L, -1046555696L, -1677581522L, 
-1101545767L, -2144121621L, -829911718L, 1161322268L, -621651425L, 
-1341707659L, 201074444L, 930396898L, 1270677437L, -945436617L, 
-1851899170L, -1290838504L, 1048093051L, -587220711L, -962411096L, 
1844652374L, 564689361L, -1190807165L, -1854789614L, 96168868L, 
1301216103L, 1761599677L, -1578665932L, -1341916262L, 45725669L, 
314991487L, -223960314L, 1292225680L, -631702221L, -711337263L, 
-457228160L, 189651294L, 1286983337L, -1213769381L, 463500138L, 
-488146420L, -1750799793L, -1446803707L, -153530436L, -1170871662L, 
501150093L, 1494112711L, -1155224914L, -691559672L, 2130190603L, 
1578508265L, -559265608L, 986054502L, 2088995841L, 1649498771L, 
868986178L, 828252916L, -1020621065L, -1367601427L, -513459836L, 
84424618L, 983149845L, 245532591L, -434706506L, -1763951136L, 
2137609507L, -1879045567L, -710073040L, 1944813390L, -26057287L, 
-664438837L, 976358522L, 106581372L, -886921793L, -805158251L, 
-313425748L, 1452083842L, 105415261L, 1641518423L, -1851860930L, 
422313080L, 152012635L, -106691911L, 2089942792L, -896805450L, 
-999920911L, 1881005347L, 419125106L, -504703548L, -1660449401L, 
236093277L, 1367282004L, 1625244538L, -375860539L, 589288479L, 
1935098790L, 1388320048L, 1997494227L, -351603215L, 1002939168L, 
1484410302L, 792307145L, 437066107L, 607477578L, -1443242068L, 
-875043153L, 290198629L, 140440604L, 1904892530L, 1400659181L, 
-164174553L, -1336643250L, -16997976L, 1859179947L, -1324749111L, 
1746327256L, 1053670278L, -1069838751L, -377612301L, 1406093922L, 
-63566636L, -1259737641L, 498485197L, 1247802212L, 286824266L, 
638922421L, -787692017L, 1457141526L, -125988416L, -1469763197L, 
60204961L, 1909950352L, 747854958L, 1905740313L, 1688728235L, 
2071594650L, -1137978788L, 1804619615L, 1380966709L, 520454348L, 
-1076262366L, 1874830461L, 1362771319L, 466432670L, 80994648L, 
-26019653L, 371426905L, 1971238376L, -818548714L, 2080799633L, 
-387775421L, 1757641554L, -292298780L, 2039840295L, 1753437821L, 
1055115124L, -104383654L, -1184592475L, -827184705L, 1656455750L, 
654741712L, 195734259L, 613026833L, 2116680256L, 1971346974L, 
1494448361L, -187016677L, 1745881642L, -1151443636L, 56098575L, 
-939449787L, -2082388996L, 1820605010L, -1366808627L, -1516613241L, 
-501095314L, -884097976L, 355542603L, -483648599L, 1011094264L, 
560150054L, 1088827201L, 1516369107L, -1561831294L, -373696844L, 
-2111303113L, -1435903699L, -555238844L, 423970666L, 1995101141L, 
-492083857L, 2050465910L, -828322912L, -566170525L, 1372117249L, 
-70986640L, 236670990L, -981479303L, 366437384L, -632211316L, 
-1352438756L, 1833485970L, -954796928L, -940179436L, 1498834216L, 
361942586L, 1897243856L, 2057372780L, -1201646924L, 1427539986L, 
1545713632L, 1626197964L, -923456032L, 341962274L, -1932924632L, 
-1920585460L, 1204491836L, 1063035122L, -1319208208L, 842974020L, 
-385439144L, -473615814L, 45246192L, 1561459900L, 525438484L, 
705020098L, 1952329824L, 565448060L, -777913136L, 1239432226L, 
503511720L, -1233768564L, 1466653116L, -1708493774L, 1903081280L, 
300873908L, 2113217352L, -1183843654L, -22270192L, 1246091500L, 
-1239387052L, -884054254L, 928240544L, -969015348L, -353940640L, 
-261386046L, 1024120360L, 1807549868L, -1988329668L, -1607118990L, 
1472881456L, 1547190820L, -735711176L, 668781786L, 1815937424L, 
-629020932L, -660291692L, 431104834L, 943299072L, 1631003196L, 
717461072L, -53095774L, 1265920840L, 1876376076L, -984068900L, 
-1436425646L, -402327424L, -2067408044L, 1676210664L, -2115409158L, 
698644304L, -1777744852L, -1382460044L, 1970392722L, 370973280L, 
-676375924L, -2128508064L, 1351881442L, 41679016L, 240799948L, 
-889294340L, 548233138L, -1611606544L, 894217668L, 1500522328L, 
-1023042694L, 1424096688L, 106766780L, -255405996L, 1325249474L, 
1766708000L, -197257284L, -1275104688L, -446710302L, 1564066152L, 
753495372L, 1726894332L, -868801806L, -364798208L, 977944180L, 
807505928L, -831856198L, 958021584L, 1085233644L, -1805166700L, 
840106706L, 791838304L, 1931994444L, -231938784L, -792032638L, 
-1221568024L, -682860564L, 1480885820L, 1438054002L, -2023347344L, 
-808249052L, 77550136L, 1990453658L, -1982629424L, 679880124L, 
268777620L, 1692308610L, -1392884288L, 1635003196L, -1567642480L, 
-342029534L, -759835128L, 204461324L, -1882241636L, 826613266L, 
-1521833088L, -1007303916L, 2000617768L, 1092740154L, -53802032L, 
579177068L, -349322700L, -1611642222L, 333915488L, -957040308L, 
-1753487392L, -2111015518L, -2005760600L, 431752844L, 8707516L, 
-1196130702L, -449514512L, -1168970172L, 222027864L, 899770426L, 
-459231120L, 1302566972L, -1374174956L, -626351422L, -470243616L, 
-622282628L, 522286800L, 1884715426L, -228206552L, 970074892L, 
-1488885316L, 1922310962L, -657577280L, -2052436940L, -223879480L, 
449393850L, -999459184L, -286707988L, -1751680428L, 1252778642L, 
-1630115552L, 1855656396L, 1716413152L, 290504898L, -1258918872L, 
-2105559124L, -1797838148L, -1257849870L, -357779920L, -1637085276L, 
-1439642184L, 812988250L, -2037731184L, -2141115524L, 144630036L, 
-223835838L, -1479544576L, 1316388284L, -1974828720L, 2032949538L, 
-493249976L, 2113007628L, -1226144164L, -1166284334L, -1870686720L, 
-763189932L, -318984984L, -1090621190L, 244188880L, 942992172L, 
1782165748L, -1180141166L, 862027104L, -17359860L, -320840480L, 
-1961913758L, -646773592L, 27139148L, -375208068L, 1021892914L, 
988791408L, -506510524L, 2040783832L, -1527581830L, 2052151344L, 
922955708L, -1519865260L, -1383952318L, -670658912L, -158121284L, 
790588368L, 584891746L, 1981550312L, 1686727884L, 478536188L, 
30067185L, 1221295414L, -538360364L, -1194661019L, -1254780049L, 
74378664L, 1860842246L, -993712589L, 363211925L, -362998542L, 
-1121356480L, -695313751L, 1629737755L, -1495014164L, -1027389190L, 
-660465361L, -2104926919L, 864587598L, 452863388L, -326277363L, 
-2096107145L, -1847597696L, -1227967522L, 214154411L, 1112672173L, 
-35259366L, 1805218520L, -2053522623L, 982072307L, -505346540L, 
-537993310L, -1921605449L, 1915828865L, 690317958L, 798911172L, 
1078823925L, 1196532319L, -1319947080L, 1468666262L, 1344818083L, 
-1970393243L, -1426577790L, -1883180048L, 1427449241L, 1686637451L, 
906233468L, -330908502L, 678530783L, 1083343977L, -740450690L, 
-52701588L, 1561746109L, 78636935L, -242261136L, -579677682L, 
-1217568965L, 2138367005L, 468233418L, -1548093464L, -1691892527L, 
159633603L, -1434232892L, 1989670002L, 2137861447L, 689668369L, 
-1711168362L, -1580049932L, 698657669L, -1919245617L, 427704264L, 
1355650662L, 438696083L, 1714284533L, 824656338L, -940185056L, 
-765918199L, 912750907L, 1069304972L, -389388006L, -415092849L, 
1634201817L, -2063360146L, -993556740L, -179297171L, -1194082281L, 
-1722263072L, 1701815742L, 1540008843L, 445873165L, -78582726L, 
-304432008L, -90580959L, 1808265939L, 58663412L, -525170046L, 
1605625623L, 359132641L, -1647033562L, 1817878052L, 1159530709L, 
-489904001L, -551064296L, 1576756278L, 1570302659L, 2028734213L, 
-767247710L, -138504048L, -1192605639L, 329054443L, -787572260L, 
-1343438838L, 1881726719L, -2073587895L, 1738204382L, 18651788L, 
-317870499L, -810544025L, 620763536L, 1540516270L, -673313701L, 
-1984607171L, -1995595094L, 850878280L, -1037470863L, -1561799453L, 
-14902300L, -446149870L, 1885488871L, -415280975L, -94821642L, 
-1221712620L, -1230726619L, -400750801L, 1431591144L, 1005902278L, 
-368600973L, -1598491947L, -1643802446L, -1036094336L, 490506345L, 
1004070107L, 1717807148L, -1229891526L, 1104639727L, -526042759L, 
-425892338L, 1072351196L, 1566388301L, -587205705L, 897813824L, 
